232
233
296
297
234
235
298
299
236
237
300
301
238
239
302
303
112
113
176
177
240
241
305
304
368
369
432
433
496
497
114
115
178
179
242
243
307
306
370
371
434
435
498
499
116
117
180
181
244
245
309
308
372
373
436
437
500
501
118
119
182
183
246
247
311
310
374
375
438
439
502
503
56
57
121
184
248
249
313
126
185
312
376
377
440
441
504
505
58
59
123
186
250
251
315
124
187
314
378
379
442
443
506
507
60
61
125
188
252
253
317
122
189
316
380
381
444
445
508
509
62
127
190
254
255
319
120
191
318
382
383
446
447
510
511
40
41
42
43
44
45
46
47