40 136
41 137
42 138
43 139
44 140
45 141
46 142
47 143
48 9999
49 9999
50 9999
51 9999
52 9999
53 9999
54 9999
55 9999
63 144
56 16
57 86
58 27
59 74
60 40
61 51
62 63
112 17
113 64
114 41
115 87
116 98
117 110
118 75
119 53
120 97
121 99
122 109
123 76
124 28
125 8
126 52
127 29
176 30
177 9
178 54
179 77
180 111
181 100
182 88
183 122
184 121
185 66
186 65
187 3
188 42
189 19
190 18
191 43
232 4
233 32
234 20
235 11
236 44
237 91
238 112
239 124
240 101
241 113
242 123
243 130
244 129
245 56
246 10
247 67
248 89
249 90
250 78
251 102
252 55
253 79
254 31
255 1
296 120
297 57
298 68
299 92
300 134
301 22
302 125
303 12
304 131
305 135
306 80
307 132
308 114
309 2
310 39
311 33
312 103
313 6
314 45
315 115
316 5
317 46
318 21
319 69
368 116
369 93
370 133
371 70
372 13
373 47
374 34
375 23
376 126
377 82
378 104
379 105
380 81
381 127
382 58
383 7
432 24
433 128
434 48
435 106
436 71
437 83
438 94
439 60
440 59
441 95
442 35
443 118
444 14
445 15
446 117
447 36
496 119
497 108
498 37
499 96
500 61
501 85
502 84
503 50
504 72
505 73
506 49
507 62
508 25
509 38
510 107
511 26