#switchcard #probecard #sensor
255 1	1
309 2	2
187 3	3
232 4	4
316 5	5
313 6	6
383 7	7
125 8	8
177 9	9
246 10	10
235 11	11
303 12	12
372 13	13
444 14	14
445 15	15
56 16	16
112 17	17
190 18	18
189 19	19
234 20	20
318 21	21
301 22	22
375 23	23
432 24	24
508 25	25
511 26	26
58 27	27
124 28	28
127 29	29
176 30	30
254 31	31
233 32	32
311 33	33
374 34	34
442 35	35
447 36	36
498 37	37
509 38	38
60 40	39
114 41	40
188 42	41
191 43	42
236 44	43
314 45	44
317 46	45
373 47	46
434 48	47
506 49	48
503 50	49
61 51	50
126 52	51
119 53	52
178 54	53
252 55	54
245 56	55
297 57	56
382 58	57
440 59	58
439 60	59
500 61	60
507 62	61
62 63	62
113 64	63
186 65	64
185 66	65
247 67	66
298 68	67
319 69	68
371 70	69
436 71	70
504 72	71
505 73	72
59 74	73
118 75	74
123 76	75
179 77	76
250 78	77
253 79	78
306 80	79
380 81	80
377 82	81
437 83	82
502 84	83
501 85	84
57 86	85
115 87	86
182 88	87
248 89	88
249 90	89
237 91	90
299 92	91
369 93	92
438 94	93
441 95	94
499 96	95
120 97	96
116 98	97
121 99	98
181 100	99
240 101	100
251 102	101
312 103	102
378 104	103
379 105	104
435 106	105
510 107	106
497 108	107
122 109	108
117 110	109
180 111	110
238 112	111
241 113	112
308 114	113
315 115	114
368 116	115
446 117	116
443 118	117
496 119	118
184 121	119
183 122	120
242 123	121
239 124	122
302 125	123
376 126	124
381 127	125
433 128	126
244 129	127
243 130	128
304 131	129
307 132	130
370 133	131
300 134	132
305 135	133
310 39	134
296 120	135
40 136	136 //testcap
41 137	137 //testcap
42 138	138 //testcap
43 139	139 //testcap
44 140	140 //testcap
45 141	141 //testcap
46 142	142 //testcap
47 143	143 //testcap
63 144	144 // guard ring
48 9999 9999 //calibration cells on probe card
49 9999 9999 //calibration cells on probe card
50 9999 9999 //calibration cells on probe card
51 9999 9999 //calibration cells on probe card
52 9999 9999 //calibration cells on probe card
53 9999 9999 //calibration cells on probe card
54 9999 9999 //calibration cells on probe card
55 9999 9999 //calibration cells on probe card