40
41
42
43
44
45
46
47
56
57
58
59
60
61
62
112
113
114
115
116
117
118
119
120
121
122
123
124
125
126
127
176
177
178
179
180
181
182
183
184
185
186
187
188
189
190
191
232
233
234
235
236
237
238
239
240
241
242
243
244
245
246
247
248
249
250
251
252
253
254
255
296
297
298
299
300
301
302
303
304
305
306
307
308
309
310
311
312
313
314
315
316
317
318
319
368
369
370
371
372
373
374
375
376
377
378
379
380
381
382
383
432
433
434
435
436
437
438
439
440
441
442
443
444
445
446
447
496
497
498
499
500
501
502
503
504
505
506
507
508
509
510
511