40 136
41 137
42 138
43 138
44 140
45 141
46 142
47 143
56 73
57 74
58 89
59 90
60 105
61 106
62 121 
112 17
113 18
114 31
115 32
116 45
117 46
118 59
119 60
120 127
121 75
122 112
123 91
124 96
125 107
126 80
127 122
176 19
177 20
178 33
179 34
180 47
181 48
182 61
183 62
184 76
185 81
186 92
187 97
188 108
189 113
190 123
191 128
232 1
233 2
234 5
235 6
236 9
237 10
238 13
239 14
240 21
241 22
242 35
243 36
244 49
245 50
246 63
247 64
248 77
249 78
250 93
251 94
252 109
253 110
254 124
255 125
296 3
297 4
298 7
299 8
300 11
301 12
302 15
303 16
304 24
305 23
306 38
307 37
308 52
309 51
310 66
311 65
312 82
313 79
314 98
315 95
316 114
317 111
318 129
319 126
368 25
369 26
370 39
371 40
372 53
373 54
374 67
375 68
376 83
377 84
378 99
379 100
380 115
381 116
382 130
383 131
432 27
433 28
434 41
435 42
436 55
437 56
438 69
439 70
440 85
441 86
442 101
443 102
444 117
445 118
446 132
447 133
496 29
497 30
498 43
499 44
500 57
501 58
502 71
503 72
504 87
505 88
506 103
507 104
508 119
509 120
510 134
511 135