# Probe card HPK 8in
# mapping to switch card numbers

101
182
228
229
311
374
420
439
100
171
179
232
233
245
254
379
353
383
446
62
61
127
161
251
190
191
255
291
362
382
447
104
125
126
218
234
247
310
294
317
380
319
510
507
41
53
170
216
252
235
288
306
318
354
363
511
437
427
59
39
107
189
186
169
248
280
356
281
424
381
440
445
489
40
57
58
188
164
184
250
292
315
299
361
376
444
426
486
508
124
54
56
122
99
222
187
217
316
298
295
442
425
436
423
504
490
43
38
96
52
120
174
180
243
253
297
378
285
366
488
494
495
491
501
42
33
106
55
121
178
167
296
314
360
313
371
359
441
480
505
483
34
36
49
102
123
166
185
230
249
231
312
358
443
506
485
497
509
500
44
50
60
98
118
103
183
165
246
375
438
377
422
503
419
493
482
48
51
114
37
162
119
163
244
293
357
309
484
432
492
498
499
45
108
109
35
117
181
226
227
290
308
421
373
429
417
487
97
112
115
168
224
242
225
307
289
370
418
433
496
435
46
113
105
240
241
223
304
284
352
372
434
369
502
176
47
110
175
238
286
305
302
287
416
431
368
160
172
177
220
219
239
221
283
303
367
428
173
236
237
282
300
301
364
365
116
355
32
481
111
430
24
26
28
30
25
27
29
31
