# Probe card HPK 6in
# mapping to switch card numbers

255
307
190
232
313
314
383
123
178
245
238
303
369
441
443
56
112
189
187
236
317
299
375
432
505
511
60
121
127
176
253
234
311
373
444
447
500
507
309
57
116
185
191
233
316
315
371
436
508
503
59
125
119
180
249
243
298
381
440
439
497
510
61
114
188
186
247
300
319
374
433
504
506
62
117
126
182
252
251
308
377
378
435
501
499
58
118
181
248
250
235
302
370
437
442
502
120
113
122
179
240
254
312
380
382
438
509
498
124
115
177
237
242
305
318
368
445
446
496
296
184
183
244
239
301
376
379
434
241
246
304
310
372
297
306
40
42
44
46
41
43
45
47
