# Probe card HPK 6in 265cells
# mapping to switch card numbers
294
378
292
290
383
291
441
191
311
420
161
364
119
495
185
428
317
99
368
298
167
165
360
233
171
443
190
122
319
438
300
310
172
372
511
177
247
105
318
226
422
432
183
96
184
439
113
235
98
302
255
168
187
447
239
180
423
225
309
181
308
418
293
189
377
252
440
170
434
381
248
125
241
173
103
382
367
361
234
106
188
253
101
186
363
176
305
354
236
307
444
178
353
312
232
371
316
446
296
369
123
238
115
510
249
127
295
304
254
433
356
297
289
250
164
102
240
231
228
242
442
301
313
362
251
229
163
303
374
315
237
314
166
352
244
426
373
375
506
416
429
42
124
108
121
179
104
109
227
366
379
357
504
508
424
494
62
112
126
174
169
182
224
243
246
117
436
445
359
490
492
498
49
61
111
114
120
116
175
288
430
358
370
421
431
365
493
60
100
51
162
118
59
380
502
488
486
509
480
497
485
110
50
97
41
160
107
437
376
496
43
417
483
499
58
56
55
53
40
491
505
435
484
482
52
57
48
500
489
481
503
54
230
501
487
245
306
355
507
24
26
28
30
25
27
29
31
