# Probe card IFX 8in
# mapping to switch card numbers
224
255
318
303
187
238
241
302
301
368
367
174
180
167
248
239
313
382
383
446
447
120
125
172
177
230
243
304
299
370
365
433
431
510
104
126
99
186
169
250
237
309
380
381
416
417
480
497
110
106
113
170
179
232
245
288
366
369
363
435
429
499
501
61
59
118
101
184
171
254
235
311
378
379
418
419
482
505
503
57
96
115
168
181
228
247
290
364
372
430
432
427
504
507
55
53
116
103
188
165
240
233
319
358
353
444
445
484
511
509
50
122
117
166
183
226
251
316
362
374
428
434
494
506
483
52
51
114
105
190
163
249
231
307
360
355
442
443
486
481
485
54
100
121
111
185
234
253
314
291
371
426
439
492
502
487
58
56
124
97
160
161
242
300
305
356
357
440
421
508
489
491
60
98
112
109
176
236
227
292
293
373
424
437
488
500
493
62
102
127
162
191
244
298
315
354
359
438
423
498
495
108
119
107
178
175
225
310
295
375
422
441
490
496
123
164
189
246
296
317
352
361
436
425
182
173
229
308
297
377
420
252
294
289
376
306
312
32
34
36
38
33
35
37
39
