#
#THIS IS THE GEOMETRY FILE FOR THE HEXAGONAL HGCAL WAFER
#
# HPK 8 inch 256 pads
#
# padNumber	xPosition	yPosition  type    optional

1	-1.05	+5.53	2	SIZE:0.7,ROTATE:120
2	-0.35	+5.53	11	SIZE:0.7
3	+0.35	+5.53	11	SIZE:0.7
4	+1.05	+5.53	2	SIZE:0.7,ROTATE:60
5	-2.10	+4.92	2	SIZE:0.7,ROTATE:120
6	-1.40	+4.92	0	SIZE:0.7
7	-0.70	+4.92	0	SIZE:0.7
8	+0.00	+4.92	4	SIZE:0.7
9	+0.70	+4.92	0	SIZE:0.7
10	+1.40	+4.92	0	SIZE:0.7
11	+2.10	+4.92	2	SIZE:0.7,ROTATE:60
12	-3.15	+4.30	2	SIZE:0.7,ROTATE:120
13	-2.45	+4.30	0	SIZE:0.7
14	-1.75	+4.30	0	SIZE:0.7
15	-1.05	+4.30	0	SIZE:0.7
16	-0.35	+4.30	0	SIZE:0.7
17	+0.35	+4.30	0	SIZE:0.7
18	+1.05	+4.30	0	SIZE:0.7
19	+1.75	+4.30	0	SIZE:0.7
20	+2.45	+4.30	0	SIZE:0.7
21	+3.15	+4.30	2	SIZE:0.7,ROTATE:60
22	-4.20	+3.69	2	SIZE:0.7,ROTATE:120
23	-3.50	+3.69	0	SIZE:0.7
24	-2.80	+3.69	0	SIZE:0.7
25	-2.10	+3.69	0	SIZE:0.7
26	-1.40	+3.69	0	SIZE:0.7
27	-0.70	+3.69	0	SIZE:0.7
28	+0.00	+3.69	0	SIZE:0.7
29	+0.70	+3.69	0	SIZE:0.7
30	+1.40	+3.69	0	SIZE:0.7
31	+2.10	+3.69	0	SIZE:0.7
32	+2.80	+3.69	0	SIZE:0.7
33	+3.50	+3.69	0	SIZE:0.7
34	+4.20	+3.69	2	SIZE:0.7,ROTATE:60
35	-4.55	+3.07	11	SIZE:0.7,ROTATE:60
36	-3.85	+3.07	0	SIZE:0.7
37	-3.15	+3.07	0	SIZE:0.7
38	-2.45	+3.07	0	SIZE:0.7
39	-1.75	+3.07	0	SIZE:0.7
40	-1.05	+3.07	0	SIZE:0.7
41	-0.35	+3.07	0	SIZE:0.7
42	+0.35	+3.07	0	SIZE:0.7
43	+1.05	+3.07	0	SIZE:0.7
44	+1.75	+3.07	0	SIZE:0.7
45	+2.45	+3.07	0	SIZE:0.7
46	+3.15	+3.07	0	SIZE:0.7
47	+3.85	+3.07	0	SIZE:0.7
48	+4.55	+3.07	11	SIZE:0.7,ROTATE:300
49	-4.90	+2.46	11	SIZE:0.7,ROTATE:60
50	-4.20	+2.46	0	SIZE:0.7
51	-3.50	+2.46	0	SIZE:0.7
52	-2.80	+2.46	10	SIZE:0.7
53	-2.10	+2.46	10	SIZE:0.7
54	-1.40	+2.46	10	SIZE:0.7
55	-0.70	+2.46	10	SIZE:0.7
56	+0.00	+2.46	4	SIZE:0.7
57	+0.70	+2.46	10	SIZE:0.7
58	+1.40	+2.46	10	SIZE:0.7
59	+2.10	+2.46	10	SIZE:0.7
60	+2.80	+2.46	10	SIZE:0.7
61	+3.50	+2.46	0	SIZE:0.7
62	+4.20	+2.46	0	SIZE:0.7
63	+4.90	+2.46	11	SIZE:0.7,ROTATE:300
64	-5.25	+1.84	2	SIZE:0.7,ROTATE:180
65	-4.55	+1.84	0	SIZE:0.7
66	-3.85	+1.84	0	SIZE:0.7
67	-3.15	+1.84	0	SIZE:0.7
68	-2.45	+1.84	10	SIZE:0.7,ROTATE:180
69	-1.75	+1.84	10	SIZE:0.7,ROTATE:180
70	-1.05	+1.84	10	SIZE:0.7,ROTATE:180
71	-0.35	+1.84	0	SIZE:0.7
72	+0.35	+1.84	0	SIZE:0.7
73	+1.05	+1.84	10	SIZE:0.7,ROTATE:180
74	+1.75	+1.84	10	SIZE:0.7,ROTATE:180
75	+2.45	+1.84	10	SIZE:0.7,ROTATE:180
76	+3.15	+1.84	0	SIZE:0.7
77	+3.85	+1.84	0	SIZE:0.7
78	+4.55	+1.84	0	SIZE:0.7
79	+5.25	+1.84	2	SIZE:0.7
80	-4.90	+1.23	0	SIZE:0.7
81	-4.20	+1.23	0	SIZE:0.7
82	-3.50	+1.23	0	SIZE:0.7
83	-2.80	+1.23	0	SIZE:0.7
84	-2.10	+1.23	0	SIZE:0.7
85	-1.40	+1.23	0	SIZE:0.7
86	-0.70	+1.23	0	SIZE:0.7
87	+0.00	+1.23	0	SIZE:0.7
88	+0.70	+1.23	0	SIZE:0.7
89	+1.40	+1.23	0	SIZE:0.7
90	+2.10	+1.23	0	SIZE:0.7
91	+2.80	+1.23	0	SIZE:0.7
92	+3.50	+1.23	0	SIZE:0.7
93	+4.20	+1.23	0	SIZE:0.7
94	+4.90	+1.23	0	SIZE:0.7
95	-5.25	+0.61	2	SIZE:0.7,ROTATE:180
96	-4.55	+0.61	0	SIZE:0.7
97	-3.85	+0.61	0	SIZE:0.7
98	-3.15	+0.61	0	SIZE:0.7
99	-2.45	+0.61	0	SIZE:0.7
100	-1.75	+0.61	0	SIZE:0.7
101	-1.05	+0.61	0	SIZE:0.7
102	-0.35	+0.61	0	SIZE:0.7
103	+0.35	+0.61	0	SIZE:0.7
104	+1.05	+0.61	0	SIZE:0.7
105	+1.75	+0.61	0	SIZE:0.7
106	+2.45	+0.61	0	SIZE:0.7
107	+3.15	+0.61	0	SIZE:0.7
108	+3.85	+0.61	0	SIZE:0.7
109	+4.55	+0.61	0	SIZE:0.7
110	+5.25	+0.61	2	SIZE:0.7
111	-4.90	+0.00	0	SIZE:0.7
112	-4.20	+0.00	0	SIZE:0.7
113	-3.50	+0.00	0	SIZE:0.7
114	-2.80	+0.00	0	SIZE:0.7
115	-2.10	+0.00	0	SIZE:0.7
116	-1.40	+0.00	0	SIZE:0.7
117	-0.70	+0.00	0	SIZE:0.7
118	+0.00	+0.00	4	SIZE:0.7
119	+0.70	+0.00	0	SIZE:0.7
120	+1.40	+0.00	0	SIZE:0.7
121	+2.10	+0.00	0	SIZE:0.7
122	+2.80	+0.00	0	SIZE:0.7
123	+3.50	+0.00	0	SIZE:0.7
124	+4.20	+0.00	0	SIZE:0.7
125	+4.90	+0.00	0	SIZE:0.7
126	-5.25	-0.61	2	SIZE:0.7,ROTATE:180
127	-4.55	-0.61	0	SIZE:0.7
128	-3.85	-0.61	0	SIZE:0.7
129	-3.15	-0.61	0	SIZE:0.7
130	-2.45	-0.61	0	SIZE:0.7
131	-1.75	-0.61	0	SIZE:0.7
132	-1.05	-0.61	0	SIZE:0.7
133	-0.35	-0.61	0	SIZE:0.7
134	+0.35	-0.61	0	SIZE:0.7
135	+1.05	-0.61	0	SIZE:0.7
136	+1.75	-0.61	0	SIZE:0.7
137	+2.45	-0.61	0	SIZE:0.7
138	+3.15	-0.61	0	SIZE:0.7
139	+3.85	-0.61	0	SIZE:0.7
140	+4.55	-0.61	0	SIZE:0.7
141	+5.25	-0.61	2	SIZE:0.7
142	-4.90	-1.23	0	SIZE:0.7
143	-4.20	-1.23	0	SIZE:0.7
144	-3.50	-1.23	0	SIZE:0.7
145	-2.80	-1.23	0	SIZE:0.7
146	-2.10	-1.23	0	SIZE:0.7
147	-1.40	-1.23	0	SIZE:0.7
148	-0.70	-1.23	0	SIZE:0.7
149	+0.00	-1.23	0	SIZE:0.7
150	+0.70	-1.23	0	SIZE:0.7
151	+1.40	-1.23	0	SIZE:0.7
152	+2.10	-1.23	0	SIZE:0.7
153	+2.80	-1.23	0	SIZE:0.7
154	+3.50	-1.23	0	SIZE:0.7
155	+4.20	-1.23	0	SIZE:0.7
156	+4.90	-1.23	0	SIZE:0.7
157	-5.25	-1.84	2	SIZE:0.7,ROTATE:180
158	-4.55	-1.84	0	SIZE:0.7
159	-3.85	-1.84	0	SIZE:0.7
160	-3.15	-1.84	0	SIZE:0.7
161	-2.45	-1.84	10	SIZE:0.7
162	-1.75	-1.84	10	SIZE:0.7
163	-1.05	-1.84	10	SIZE:0.7
164	-0.35	-1.84	0	SIZE:0.7
165	+0.35	-1.84	0	SIZE:0.7
166	+1.05	-1.84	10	SIZE:0.7
167	+1.75	-1.84	10	SIZE:0.7
168	+2.45	-1.84	10	SIZE:0.7
169	+3.15	-1.84	0	SIZE:0.7
170	+3.85	-1.84	0	SIZE:0.7
171	+4.55	-1.84	0	SIZE:0.7
172	+5.25	-1.84	2	SIZE:0.7
173	-4.90	-2.46	11	SIZE:0.7,ROTATE:120
174	-4.20	-2.46	0	SIZE:0.7
175	-3.50	-2.46	0	SIZE:0.7
176	-2.80	-2.46	10	SIZE:0.7,ROTATE:180
177	-2.10	-2.46	10	SIZE:0.7,ROTATE:180
178	-1.40	-2.46	10	SIZE:0.7,ROTATE:180
179	-0.70	-2.46	10	SIZE:0.7,ROTATE:180
180	+0.00	-2.46	0	SIZE:0.7
181	+0.70	-2.46	10	SIZE:0.7,ROTATE:180
182	+1.40	-2.46	10	SIZE:0.7,ROTATE:180
183	+2.10	-2.46	10	SIZE:0.7,ROTATE:180
184	+2.80	-2.46	10	SIZE:0.7,ROTATE:180
185	+3.50	-2.46	0	SIZE:0.7
186	+4.20	-2.46	0	SIZE:0.7
187	+4.90	-2.46	11	SIZE:0.7,ROTATE:240
188	-4.55	-3.07	11	SIZE:0.7,ROTATE:120
189	-3.85	-3.07	0	SIZE:0.7
190	-3.15	-3.07	0	SIZE:0.7
191	-2.45	-3.07	0	SIZE:0.7
192	-1.75	-3.07	0	SIZE:0.7
193	-1.05	-3.07	0	SIZE:0.7
194	-0.35	-3.07	0	SIZE:0.7
195	+0.35	-3.07	0	SIZE:0.7
196	+1.05	-3.07	0	SIZE:0.7
197	+1.75	-3.07	0	SIZE:0.7
198	+2.45	-3.07	0	SIZE:0.7
199	+3.15	-3.07	0	SIZE:0.7
200	+3.85	-3.07	0	SIZE:0.7
201	+4.55	-3.07	11	SIZE:0.7,ROTATE:240
202	-4.20	-3.69	2	SIZE:0.7,ROTATE:240
203	-3.50	-3.69	0	SIZE:0.7
204	-2.80	-3.69	0	SIZE:0.7
205	-2.10	-3.69	0	SIZE:0.7
206	-1.40	-3.69	0	SIZE:0.7
207	-0.70	-3.69	0	SIZE:0.7
208	+0.00	-3.69	4	SIZE:0.7
209	+0.70	-3.69	0	SIZE:0.7
210	+1.40	-3.69	0	SIZE:0.7
211	+2.10	-3.69	0	SIZE:0.7
212	+2.80	-3.69	0	SIZE:0.7
213	+3.50	-3.69	0	SIZE:0.7
214	+4.20	-3.69	2	SIZE:0.7,ROTATE:300
215	-3.15	-4.30	2	SIZE:0.7,ROTATE:240
216	-2.45	-4.30	0	SIZE:0.7
217	-1.75	-4.30	0	SIZE:0.7
218	-1.05	-4.30	0	SIZE:0.7
219	-0.35	-4.30	0	SIZE:0.7
220	+0.35	-4.30	0	SIZE:0.7
221	+1.05	-4.30	0	SIZE:0.7
222	+1.75	-4.30	0	SIZE:0.7
223	+2.45	-4.30	0	SIZE:0.7
224	+3.15	-4.30	2	SIZE:0.7,ROTATE:300
225	-2.10	-4.92	2	SIZE:0.7,ROTATE:240
226	-1.40	-4.92	0	SIZE:0.7
227	-0.70	-4.92	0	SIZE:0.7
228	+0.00	-4.92	0	SIZE:0.7
229	+0.70	-4.92	0	SIZE:0.7
230	+1.40	-4.92	0	SIZE:0.7
231	+2.10	-4.92	2	SIZE:0.7,ROTATE:300
232	-1.05	-5.53	2	SIZE:0.7,ROTATE:240
233	-0.35	-5.53	11	SIZE:0.7,ROTATE:180
234	+0.35	-5.53	11	SIZE:0.7,ROTATE:180
235	+1.05	-5.53	2	SIZE:0.7,ROTATE:300
236	+0.00	+4.92	5	SIZE:0.36
237	+0.00	+2.46	5	SIZE:0.36
238	+0.00	+0.00	5	SIZE:0.36
239	+0.00	-3.69	5	SIZE:0.36
240	+0.00	+0.00	1	SIZE:12.3
