#
#THIS IS THE GEOMETRY FILE FOR THE HEXAGONAL HGCAL WAFER
#
# HPK 6 inch 136 pads
#
# padNumber	xPosition	yPosition  type    optional

1	-0.50	+6.06	3	SIZE:1.08,INVERT:1,ROTATE:0.00001
2	+0.50	+6.06	3	SIZE:1.08
3	-2.00	+5.20	2	SIZE:1.08,ROTATE:120
4	-1.00	+5.20	0	SIZE:1.08
5	+0.00	+5.20	0	SIZE:1.08
6	+1.00	+5.20	0	SIZE:1.08
7	+2.00	+5.20	2	SIZE:1.08,ROTATE:60
8	-3.50	+4.33	2	SIZE:1.08,ROTATE:120
9	-2.50	+4.33	0	SIZE:1.08
10	-1.50	+4.33	0	SIZE:1.08
11	-0.50	+4.33	0	SIZE:1.08
12	+0.50	+4.33	0	SIZE:1.08
13	+1.50	+4.33	0	SIZE:1.08
14	+2.50	+4.33	0	SIZE:1.08
15	+3.50	+4.33	2	SIZE:1.08,ROTATE:60
16	-5.00	+3.46	3	SIZE:1.08,ROTATE:60
17	-4.00	+3.46	0	SIZE:1.08
18	-3.00	+3.46	0	SIZE:1.08
19	-2.00	+3.46	0	SIZE:1.08
20	-1.00	+3.46	0	SIZE:1.08
21	+0.00	+3.46	0	SIZE:1.08
22	+1.00	+3.46	0	SIZE:1.08
23	+2.00	+3.46	0	SIZE:1.08
24	+3.00	+3.46	0	SIZE:1.08
25	+4.00	+3.46	0	SIZE:1.08
26	+5.00	+3.46	3	SIZE:1.08,INVERT:1,ROTATE:300
27	-5.50	+2.60	3	SIZE:1.08,INVERT:1,ROTATE:60
28	-4.50	+2.60	0	SIZE:1.08
29	-3.50	+2.60	0	SIZE:1.08
30	-2.50	+2.60	0	SIZE:1.08
31	-1.50	+2.60	0	SIZE:1.08
32	-0.50	+2.60	0	SIZE:1.08
33	+0.50	+2.60	0	SIZE:1.08
34	+1.50	+2.60	0	SIZE:1.08
35	+2.50	+2.60	0	SIZE:1.08
36	+3.50	+2.60	0	SIZE:1.08
37	+4.50	+2.60	0	SIZE:1.08
38	+5.50	+2.60	3	SIZE:1.08,ROTATE:300
39	+0.00	+1.73	5	SIZE:0.5
40	-5.00	+1.73	0	SIZE:1.08
41	-4.00	+1.73	0	SIZE:1.08
42	-3.00	+1.73	0	SIZE:1.08
43	-2.00	+1.73	0	SIZE:1.08
44	-1.00	+1.73	0	SIZE:1.08
45	+0.00	+1.73	4	SIZE:1.08
46	+1.00	+1.73	0	SIZE:1.08
47	+2.00	+1.73	0	SIZE:1.08
48	+3.00	+1.73	0	SIZE:1.08
49	+4.00	+1.73	0	SIZE:1.08
50	+5.00	+1.73	0	SIZE:1.08
51	-5.50	+0.87	2	SIZE:1.08,ROTATE:180
52	-4.50	+0.87	0	SIZE:1.08
53	-3.50	+0.87	0	SIZE:1.08
54	-2.50	+0.87	0	SIZE:1.08
55	-1.50	+0.87	0	SIZE:1.08
56	-0.50	+0.87	0	SIZE:1.08
57	+0.50	+0.87	0	SIZE:1.08
58	+1.50	+0.87	0	SIZE:1.08
59	+2.50	+0.87	0	SIZE:1.08
60	+3.50	+0.87	0	SIZE:1.08
61	+4.50	+0.87	0	SIZE:1.08
62	+5.50	+0.87	2	SIZE:1.08
63	-5.00	+0.00	0	SIZE:1.08
64	-4.00	+0.00	0	SIZE:1.08
65	-3.00	+0.00	0	SIZE:1.08
66	-2.00	+0.00	0	SIZE:1.08
67	-1.00	+0.00	0	SIZE:1.08
68	+0.00	+0.00	0	SIZE:1.08
69	+1.00	+0.00	0	SIZE:1.08
70	+2.00	+0.00	0	SIZE:1.08
71	+3.00	+0.00	0	SIZE:1.08
72	+4.00	+0.00	0	SIZE:1.08
73	+5.00	+0.00	0	SIZE:1.08
74	-5.50	-0.87	2	SIZE:1.08,ROTATE:180
75	-4.50	-0.87	0	SIZE:1.08
76	-3.50	-0.87	0	SIZE:1.08
77	-2.50	-0.87	0	SIZE:1.08
78	-1.50	-0.87	0	SIZE:1.08
79	-0.50	-0.87	0	SIZE:1.08
80	+0.50	-0.87	0	SIZE:1.08
81	+1.50	-0.87	0	SIZE:1.08
82	+2.50	-0.87	0	SIZE:1.08
83	+3.50	-0.87	0	SIZE:1.08
84	+4.50	-0.87	0	SIZE:1.08
85	+5.50	-0.87	2	SIZE:1.08
86	-5.00	-1.73	0	SIZE:1.08
87	-4.00	-1.73	0	SIZE:1.08
88	-3.00	-1.73	0	SIZE:1.08
89	-2.00	-1.73	0	SIZE:1.08
90	-1.00	-1.73	0	SIZE:1.08
91	+0.00	-1.73	0	SIZE:1.08
92	+1.00	-1.73	0	SIZE:1.08
93	+2.00	-1.73	0	SIZE:1.08
94	+3.00	-1.73	0	SIZE:1.08
95	+4.00	-1.73	0	SIZE:1.08
96	+5.00	-1.73	0	SIZE:1.08
97	-5.50	-2.60	3	SIZE:1.08,ROTATE:120
98	-4.50	-2.60	0	SIZE:1.08
99	-3.50	-2.60	0	SIZE:1.08
100	-2.50	-2.60	0	SIZE:1.08
101	-1.50	-2.60	0	SIZE:1.08
102	-0.50	-2.60	0	SIZE:1.08
103	+0.50	-2.60	0	SIZE:1.08
104	+1.50	-2.60	0	SIZE:1.08
105	+2.50	-2.60	0	SIZE:1.08
106	+3.50	-2.60	0	SIZE:1.08
107	+4.50	-2.60	0	SIZE:1.08
108	+5.50	-2.60	3	SIZE:1.08,INVERT:1,ROTATE:240
109	-5.00	-3.46	3	SIZE:1.08,INVERT:1,ROTATE:120
110	-4.00	-3.46	0	SIZE:1.08
111	-3.00	-3.46	0	SIZE:1.08
112	-2.00	-3.46	0	SIZE:1.08
113	-1.00	-3.46	0	SIZE:1.08
114	+0.00	-3.46	4	SIZE:1.08
115	+1.00	-3.46	0	SIZE:1.08
116	+2.00	-3.46	0	SIZE:1.08
117	+3.00	-3.46	0	SIZE:1.08
118	+4.00	-3.46	0	SIZE:1.08
119	+5.00	-3.46	3	SIZE:1.08,ROTATE:240
120	+0.00	-3.46	5	SIZE:0.5
121	-3.50	-4.33	2	SIZE:1.08,ROTATE:240
122	-2.50	-4.33	0	SIZE:1.08
123	-1.50	-4.33	0	SIZE:1.08
124	-0.50	-4.33	0	SIZE:1.08
125	+0.50	-4.33	0	SIZE:1.08
126	+1.50	-4.33	0	SIZE:1.08
127	+2.50	-4.33	0	SIZE:1.08
128	+3.50	-4.33	2	SIZE:1.08,ROTATE:300
129	-2.00	-5.20	2	SIZE:1.08,ROTATE:240
130	-1.00	-5.20	0	SIZE:1.08
131	+0.00	-5.20	0	SIZE:1.08
132	+1.00	-5.20	0	SIZE:1.08
133	+2.00	-5.20	2	SIZE:1.08,ROTATE:300
134	-0.50	-6.06	3	SIZE:1.08,ROTATE:180
135	+0.50	-6.06	3	SIZE:1.08,INVERT:1,ROTATE:180
136	+0.00	+0.00	1	SIZE:13
137	+6.00	-4.33	6	SIZE:0.4
138	+6.00	-4.76	6	SIZE:0.4
139	+6.00	-5.20	6	SIZE:0.4
140	+6.00	-5.63	6	SIZE:0.4
